[gd_scene load_steps=13 format=3 uid="uid://bisa4gahkp0jm"]

[ext_resource type="Texture2D" uid="uid://b58xv1joypxo5" path="res://assets/textures/grids/Orange/texture_09.png" id="1_pg6i0"]
[ext_resource type="Texture2D" uid="uid://cm5m7nr7dugjd" path="res://assets/textures/grids/Purple/texture_09.png" id="2_05adm"]
[ext_resource type="Texture2D" uid="uid://djg8y25y06h5n" path="res://assets/textures/grids/Green/texture_09.png" id="3_wiqqq"]
[ext_resource type="Texture2D" uid="uid://c8arnlq67qi7" path="res://assets/textures/grids/Dark/texture_05.png" id="4_s4tp4"]
[ext_resource type="PackedScene" uid="uid://d1a4px4hdm364" path="res://scenes/player.tscn" id="5_7c2d4"]

[sub_resource type="ProceduralSkyMaterial" id="ProceduralSkyMaterial_txvjt"]
sky_horizon_color = Color(0.64625, 0.65575, 0.67075, 1)
ground_horizon_color = Color(0.64625, 0.65575, 0.67075, 1)

[sub_resource type="Sky" id="Sky_oeqbv"]
sky_material = SubResource("ProceduralSkyMaterial_txvjt")

[sub_resource type="Environment" id="Environment_hyx3i"]
background_mode = 2
sky = SubResource("Sky_oeqbv")
tonemap_mode = 2
sdfgi_enabled = true
glow_enabled = true
fog_enabled = true
fog_light_color = Color(0.635294, 0.709804, 0.745098, 1)
fog_density = 0.005

[sub_resource type="StandardMaterial3D" id="StandardMaterial3D_d3g07"]
albedo_texture = ExtResource("1_pg6i0")

[sub_resource type="StandardMaterial3D" id="StandardMaterial3D_fywn7"]
albedo_texture = ExtResource("2_05adm")
uv1_triplanar = true

[sub_resource type="StandardMaterial3D" id="StandardMaterial3D_jvsyo"]
albedo_texture = ExtResource("3_wiqqq")
uv1_triplanar = true

[sub_resource type="StandardMaterial3D" id="StandardMaterial3D_s4d52"]
albedo_texture = ExtResource("4_s4tp4")
uv1_triplanar = true

[node name="world" type="Node3D"]

[node name="DirectionalLight3D" type="DirectionalLight3D" parent="."]
transform = Transform3D(-0.866023, -0.433016, 0.250001, 0.121918, 0.30203, 0.94547, -0.484912, 0.849279, -0.208773, 0, 4.79416, 0)
shadow_enabled = true

[node name="WorldEnvironment" type="WorldEnvironment" parent="."]
environment = SubResource("Environment_hyx3i")

[node name="map" type="Node3D" parent="."]

[node name="CSGBox3D2" type="CSGBox3D" parent="map"]
transform = Transform3D(0.792673, 0, 0.609647, 0, 1, 0, -0.609647, 0, 0.792673, -2, 0.5, -2)
material_override = SubResource("StandardMaterial3D_d3g07")
use_collision = true

[node name="CSGBox3D3" type="CSGBox3D" parent="map"]
transform = Transform3D(0.977257, 0, -0.212058, 0, 1, 0, 0.212058, 0, 0.977257, 3.8, 1, -0.8)
material_override = SubResource("StandardMaterial3D_fywn7")
use_collision = true
size = Vector3(1, 2.03094, 1)

[node name="CSGBox3D4" type="CSGBox3D" parent="map"]
transform = Transform3D(0.977257, 0, -0.212058, 0, 1, 0, 0.212058, 0, 0.977257, -1, 1.4, 3)
material_override = SubResource("StandardMaterial3D_jvsyo")
use_collision = true
size = Vector3(0.52052, 2.90228, 0.599273)

[node name="CSGCylinder3D" type="CSGCylinder3D" parent="map"]
transform = Transform3D(1, 0, 0, 0, 1, 0, 0, 0, 1, 0, -0.3, 0)
material_override = SubResource("StandardMaterial3D_s4d52")
use_collision = true
radius = 5.0
height = 0.5
sides = 16

[node name="player" parent="." instance=ExtResource("5_7c2d4")]
